# nothing

[/home/sahilsuman/dl/Resume.pdf]
page=0
offset=0
zoom=0.66837716484926235
rotate=0
pages-per-row=1
first-page-column=1:2
page-right-to-left=false
position-x=0.5
position-y=0.24988009592326138
time=1689078256
jumplist=

[3VmizWHXSwewr+7Qs4TXydtL5Hm4H8ea+giWiNFm2sI=]
page=0
offset=0
zoom=0.66837716484926235
rotate=0
pages-per-row=1
first-page-column=1:2
page-right-to-left=false
position-x=0.5
position-y=0.24988009592326138
time=1689078256
